x = [1 1.5 2 3 3.5]

f = [0 0.4055  0.6931 1.0986 1.2528]

